5723065832964096
5203247987949568
5739322955268096
5654977380876288
5723494457278464
5137105491591168
5641263013429248
5634191987310592
5071242033889280
5654587411267584
5642720550846464
5742850465595392
5669448836972544
5635128961269760
5684404550631424
5699199907659776
5701145964052480
5641045782036480
5664520798208000
5708355771301888
5630842147700736
5074724178624512
5684939609604096
5669775757803520
5631655708459008
5718051894853632
5655275948212224
5670184886992896
5692688468803584
5092808574631936
5760660889665536
5068162005467136
5751808425197568
5071936107315200
5753301094105088
5717200014934016
5720768964984832
6254197527805952
5727933943513088
5762693080285184
5639082579329024
5679960232558592
5688470810918912
5669680932978688
5728922859732992
5191147957780480
5703997386129408
5723033385828352
5135634767282176
5708195347562496
5741421214564352
5645164387237888
5639461878628352
5630695380615168
5646702522400768
5665771170562048
5664618441605120
5761841670127616
5690363616428032
5640047537684480
5704940030787584
5724776437907456
5638967219191808
4850702945878016
5716495740960768
5725643752865792
5704439901978624
5739609443008512
5715177789980672
5682017521893376
5657184826294272
5666953695854592
5641351261585408
5763450370260992
5633407786680320
5653928972648448
5667627737284608
5658854863929344
5634376570241024
5686084218388480
5728318175313920
5664229377966080
5191704088936448
5728773106302976
5636552776482816
5753477288427520
5762446522318848
5631845760761856
5726781550100480
5632314247741440
5123616240828416
5132654663958528
5079154940706816
5201006048575488
5183355276492800
5687090650021888
5699994996703232
5759918732738560
5638142719688704
5756346527907840
5725513561669632
5733614071316480
6318378432069632
5633244175269888
5136442355351552
5165346948382720
4824422510755840
5769441044332544
6593121718632448
5674410094624768
6201050981728256
5698228439744512
5713707166334976
5082150344851456
5675192449761280
5677802363813888
6287697517740032
5191950697234432
5694170484178944
5135042380562432
4893716221263872
5141897148366848
5646929551687680
6269944085872640
5710577930338304
5748511165382656
5635531027251200
5759100675686400
5638068077854720
5718466845736960
5143432062304256
5717300174913536
5085314645229568
5200834568650752
6309196647628800
5683098729578496
5632324163076096
5755610343669760
5737189816139776
5113987461021696
5644105661022208
5631115331108864
5707308050939904
5680765572481024
5643405262585856
5748030665916416
5639735062036480
6210255230861312
6232870918029312
5427029222621184
5635883617222656
5730458193100800
5165887090851840
4803174753894400
5078927961751552
5451832658755584
5164500286177280
5947148386435072
6345471337431040
6285962887823360
6314229745319936
5992310068215808
5931741801873408
5123251755810816
5573638602358784
5639896995725312
6699538509201408
5185336648925184
4705935821897728
6285778875318272
6290088740782080
6560104140767232
5368098982985728
5676477903273984
6493998889828352
5817020171943936
6215666822545408
6276480472449024
4907888271163392
5702124797165568
6098495148654592
5900206977581056
5684899528835072
5764886919380992
6204936081637376
5171922325209088
5136902571163648
5189681947869184
6314045430824960
6315581854711808
5194998379184128
5691206453428224
5201936965959680
5138887785578496
5128256500006912
5116410141343744
5675653001117696
5751785524297728
5764573655203840
4889952756170752
4891764863270912
5391679158747136
6504229434818560
4932525075988480
5953833335259136
5175102949818368
5756188201320448
4807367849934848
6254906650394624
5755265320222720
5669386845159424
5707143030243328
5679188765835264
4785199443345408
5401790384177152
6017519714304000
5911099350188032
5440776137867264
5699006147592192
6294158222295040
4867932525953024
4920929872248832
5067373627310080
5744338319441920
5708115639009280
5181388366020608
5709513986408448
6260714251485184
4841600182124544
4863690708877312
4789222888177664
5930478712389632
5407195868954624
5711245193773056
5463319146135552
6493428665810944
5678947039707136
6220276865957888
5178127512764416
5739751831240704
5197015470309376
6524192509919232
6045131320852480
5966925804863488
5736587379867648
6217484466126848
5386207303303168
5731121765548032
6293281981857792
4914465275379712
5639799352328192
4921966234435584
5442680318328832
5196468600176640
5448857051725824
5922349547257856
4872671217057792
5707027535888384
5405943617552384
6313375046828032
5471500186419200
5113836147310592
5166516370669568
5138452114833408
6537065332211712
6220105537028096
6241940009910272
5123289940754432
6229892962189312
6379038117462016
6320296789278720
5009992662908928
6059245254475776
4922074447478784
4581501626744832
6217326894514176
5123915328258048
6585628124774400
5379064772689920
5433884795731968
5792970771005440
5398475407622144
5617932734300160
5786833732501504
4712861456662528
5966778299580416
4894341474549760
4677546759159808
6003145331179520
4753603986194432
5963148750225408
4789434482425856
5829037087784960
5067264709623808
4859805105651712
5108927536562176
5947941780979712
6549993116663808
6247484208709632
5141933823361024
5110177472708608
5657683260604416
4910058974478336
5103220699430912
6204993426161664
5649059771580416
5718714209009664
5741437136142336
5168126949851136
5131360788283392
5654236616458240
5728372583825408
5108510958288896
5435473665196032
5610415333572608
5658985172566016
4955928990318592
4955297730789376
6577603985014784
5897328913285120
5636492328173568
5750277588123648
5109807501541376
5752673240350720
5529534858264576
4686668263063552
5471927065903104
5046590146347008
5468255741280256
5158257651875840
4786750463410176
5233340927967232
5224275996835840
5796290881388544
5490437905186816
6355245978353664
4851283856982016
6509246694817792
5425152154140672
6399439480553472
5902794930257920
6322432797310976
5081452664324096
4885809354244096
5861180052602880
4820114910216192
5407870782799872
5739511648616448
6410314572627968
4796854306865152
6744501716516864
5647975057457152
5189643762925568
6222325699575808
5677459739508736
5726177821982720
5998036098482176
5716929146781696
4803414936518656
5667197049372672
5732424549924864
4867543663640576
5153979193360384
4812615192674304
4872504216649728
5807594161569792
4811235803529216
6551484913156096
5662077884563456
5135514021658624
5868442473201664
5365644442730496
5164513640841216
6520418307407872
4730860053987328
4676171463655424
5715392219578368
5221401589972992
5632682255974400
5673191515095040
5364410411384832
5656281524207616
5382517993504768
5678581027962880
5119204185341952
4763821679837184
5403014416302080
5763672618041344
5675008521142272
5665998216626176
5114701851656192
6322823370899456
6539653217779712
6451514583285760
5013855449120768
5001099597578240
4793425836638208
6683774871928832
4861758900535296
5640816609460224
4821224039383040
5634911297863680
5649503147261952
5666684660613120
6308939406770176
5145790154539008
4799100394405888
5757849200230400
5760725620359168
5702815905218560
6236931159490560
6261116992749568
5190807988469760
5631818384539648
5697693452075008
5068868431118336
5096953490702336
4907150295957504
6268023300161536
5892312714444800
4804406692282368
6356629012348928
5998281469460480
4899609205800960
5977936511369216
5887232573440000
4738901226815488
5576186545569792
4656431311618048
6543348957446144
5933392130473984
6331094592913408
5823625919725568
5780254434000896
5974509228130304
6216709782372352
5349662219304960
5425829169332224
5680933952815104
5684963907207168
5332316557672448
6237738747559936
5711576195661824
5131067744845824
5735791758147584
5050841580961792
5721291948556288
5711494020857856
5691182013218816
6250413665812480
5681350967296000
5687463712391168
4924870324387840
6282005666856960
5706054142787584
5752987733458944
5143104189366272
5663038736695296
5744719887859712
5708971130224640
5637769799925760
5666128126803968
5123095815782400
5138605378895872
5678978467627008
6476003064938496
5176964436459520
6515023648129024
5740279998971904
5726239214010368
4694954853007360
4952388045635584
5185871628206080
5183075168288768
5685651202637824
5942585306644480
5724996156522496
4740520261713920
6041397572403200
6314204097150976
5926588801613824
5369684987740160
5199448992907264
5145076384661504
5690644202782720
4705481784295424
5488076029689856
6212719086665728
4892873925328896
6561922677735424
6325122206007296
5684052300398592
5404023519707136
5209212929966080
5169585615536128
5651260862627840
6253789442998272
5729575162085376
5196595624673280
5671241419587584
5162499322150912
4831666983927808
6331613747085312
5736809766060032
5739205250514944
6211458513764352
5732496176054272
5074556242886656
5769123657154560
5709905788928000
5679811624173568
4865981792911360
6261963705286656
5663250230280192
6222966677307392
6608588235603968
5664182842163200
5699126561865728
5637582566195200
6242446769913856
4869740459720704
6513107018973184
5090347428347904
5699833553747968
5176287089917952
6276340152008704
6332223582109696
4831150715437056
4902270676238336
4813812200898560
5721903696183296
5120058518929408
4823555518758912
6199326623662080
5249006322057216
5697814097035264
240230006
228610001
265830006
234340001
265880006
252160012
250350008
254310009
230520003
248260003
248300006
244200004
242270001
266580008
264540002
255290002
258850005
266650001
240870006
264670010
264830001
248830002
242990003
243000002
247000004
237070002
262720004
241100006
251370027
