5158951708524544
5149618744590336
6331921772576768
6029629626253312
5067106114600960
6193006021443584
6614177896464384
5123297272397824
5200240839753728
5085419855151104
5151769583681536
5068811082399744
5117398436806656
5067084606210048
5084873991651328
5076132625907712
6275208340045824
5182387700891648
5128508040806400
5066658498478080
5195230760402944
6291571595018240
6308124969402368
5078547773259776
5172355898802176
5085836433424384
5191855050326016
4829628648652800
5120342636888064
6202333750886400
6297680145809408
6004587148345344
6252427531517952
5100066767372288
5080158352441344
5121829232443392
5127927985340416
5175207622868992
5184827510751232
5166819685957632
5946029832667136
5140216390090752
5089826860695552
4873769638166528
5110492934701056
6329277683335168
4826192507043840
5117142080946176
5099090568282112
6515042367307776
6268207241363456
5190559480152064
6326342643613696
6254197527805952
5087886877655040
5129594969522176
5160414916640768
6198688766492672
5082455824400384
5075040026492928
6240013532528640
5101188324261888
5169378513387520
5185818373128192
5398273560936448
5189707063361536
6297888485277696
5813846274998272
6268567011983360
5150776204722176
4910412118097920
4711535737831424
5109116833890304
5161933321797632
5978757785452544
4744418544320512
5081195251499008
6207095158341632
5323678501830656
6263908448862208
6259948589678592
5097859724607488
4904403458850816
5186886612025344
6580374658351104
5177879394516992
4974019912663040
6297712592945152
6313352749907968
5141225875177472
4687278836285440
4811828056031232
6657271954145280
5198267470053376
6023906750103552
5802694727958528
6488385719894016
6505679204384768
5133524998815744
6288411371503616
6306146767863808
6161781441429504
5905764346494976
4612820343717888
4656381109993472
5645254380224512
4580652716392448
5847290111590400
4557672963637248
4724954658504704
6315303638138880
5534455632494592
5237258256908288
6300051672399872
5436126164680704
6182317022248960
6408683877564416
5295857314299904
5966650541080576
5472213905965056
6221459944898560
6505586392825856
6548379769241600
6277220263788544
4521503836078080
6578417629659136
5341398328934400
5181281075724288
5133359441248256
6245364524908544
5198574224670720
5104195002695680
4777126867763200
5199667159629824
4858955574542336
6304442404044800
4855935491112960
5097259100274688
5928915965050880
6604141715521536
6275796566016000
5140262779092992
6211384857591808
6288253044916224
4866173418078208
5148482675408896
4859564923027456
4697720035999744
5837979545239552
6445850561609728
5118928334356480
4846485405433856
6242161150394368
6301514511417344
5582712056315904
5873097747988480
5379490846867456
5911324114550784
6746507214585856
5477880494555136
6470893660274688
5460705406877696
5626468730142720
5080455309164544
6491226756874240
6204245363654656
5776290074329088
5370115956670464
4807166003249152
5070059928027136
6347092704362496
6059321221709824
5961425361043456
5081542271434752
4723869944381440
5343494725959680
6354556065677312
5862191165079552
5775547581857792
6550380536135680
5454022890749952
5265912265441280
6352674953887744
5096298420109312
5109621492547584
6279254031466496
5082122024910848
5098562891284480
6235521399390208
6222198326951936
6262871751131136
5196982922510336
6224462798127104
4892016236298240
5112912712564736
4851983768879104
6285722520649728
6272715145084928
4757420668616704
5966935351099392
4898158156972032
6601697157709824
5969453326008320
4853535007047680
5401167546810368
5503147334172672
4904486539624448
4697480105033728
5215823819964416
4872680763293696
6125463533518848
4820146199724032
6233902867808256
5970427427946496
5986341221302272
4885360983146496
5396473550209024
5369960868085760
6241442733228032
5397017803096064
6174901475999744
6588750968651776
4953451918262272
6216426159341568
6313684888453120
5085006951088128
5171307087921152
4530465201455104
5872787436601344
5203762612273152
5875759100985344
6293600816070656
6410168862507008
6034580616249344
4779934971068416
5133759930171392
5026316088770560
5905834877911040
6284789908766720
4913586484805632
4897827394158592
6232980573913088
5410195568066560
6204336581378048
4856248218419200
5421059956277248
4862402956886016
6269777840439296
5982148125261824
5977281440776192
4857422355103744
5150092231180288
5078401308164096
6298014968709120
4868617254469632
5107400373698560
5414331487354880
6515829487173632
5927284397572096
6245235944325120
4728000696287232
4785342116790272
6445866885840896
5491641653657600
5426095402778624
4860384540360704
5455327084412928
5064685061668864
4870227934314496
5055261299441664
5310436849221632
6369202256478208
6030466691891200
6603060725940224
6429653703065600
5168918775726080
5450393752436736
6562880073760768
6543203096330240
4730761647226880
5196738767880192
6535094588145664
5071653738381312
6328807845789696
6041163698012160
4798672743170048
6542795678416896
6620800002031616
4930916250025984
6607793217863680
5983777150992384
6237553346740224
6232644735991808
5981705768796160
5244982914973696
4966007340793856
4588809165471744
4977487385722880
5180299231100928
4807877126520832
5178535891173376
6215661227343872
6304435798016000
5101682014814208
6223855756509184
6282319119777792
5117199664545792
5141502468554752
6222634656202752
4873323838177280
5121283427663872
4784102054035456
6038325127282688
5324595045335040
4739607413391360
6601275080704000
6598794992943104
5140507030192128
5290747548925952
5363905995997184
6416647455768576
6306751724912640
6372984281366528
4908081251090432
4682510386593792
6028601321324544
6409621681995776
6404660726333440
5957008779902976
5442157628358656
6088426847731712
5310230850174976
6582025695789056
6594875847868416
6437155253518336
5445430661873664
4734959038234624
6708795023556608
5482673518673920
5404100057366528
4919723565252608
5970322507431936
5934001030168576
4908252378693632
5555465563930624
6245622650765312
4778986076897280
5198880199147520
6194294973005824
5142687007113216
4767514890338304
5190957741899776
5197925508448256
4790416876503040
6329746711379968
5136952017813504
5106649400344576
5103385908871168
5138957352304640
5102551733108736
5082587127087104
5389003649974272
4910465171849216
5253638763053056
4789474802270208
5774637220757504
4686147540221952
5329792693960704
5048317717250048
6353874227036160
5198046988075008
4746622034509824
6485397735473152
6078616081268736
4662563606364160
6153996918063104
5183704603295744
5849791699353600
4984689509007360
6200107686952960
6591079486849024
4740766370889728
5927314571395072
4682917187944448
4710584025088000
6277956385112064
4783249515610112
4852561563615232
5474192849895424
4565326767325184
6606829266141184
5926087418707968
4508961080344576
6695208687239168
5618417168023552
5369398466445312
6193587792379904
5256363370348544
6285344869711872
6094438740787200
6379811790389248
5795803088027648
5424904342077440
5527967841124352
4892835740385280
4978383435857920
6300210623938560
5125032275607552
5186223198961664
6296482860761088
4843557298896896
5163760788439040
6256141294108672
6299782188367872
5133733464113152
4885999750479872
5165622400909312
6193851651850240
4818932640776192
5472855907106816
5412338073075712
6196921223872512
6213598850318336
5157236208828416
6031380957888512
4653552496541696
5866300265988096
6516463691104256
6165976252940288
6024813294387200
4712285918461952
4842242623668224
6503500015992832
5158476502269952
5162203606941696
5556710848593920
4763509711699968
6528222384619520
5643936924172288
5197819879096320
6046618574913536
6230805965701120
6221177575964672
5198685717659648
5194714361888768
5927701802123264
5907307942641664
5551331200729088
6393269948776448
4864433390092288
5464429449707520
5624406109847552
5084736892436480
5080796662595584
5142558023876608
5480160694370304
5081205879865344
5103456641613824
5114827970183168
5954707201720320
5189120301203456
5147863772299264
6207105786707968
6257069946568704
4884015622389760
6446787858530304
4725651307233280
6257756470247424
5555083324424192
4674005667676160
5309637083529216
6563321247432704
4933851189084160
5910664191148032
6436973522714624
6301290258759680
5849819805384704
5313257740959744
5147281670012928
5534123066130432
5847560262516736
6212554086940672
4619849498099712
6296306163122176
4908509539860480
6735801362677760
5986131464159232
5378922141188096
5142056720662528
5273386150264832
5229012628537344
6591911582236672
6246430238834688
5342251173543936
6100367272050688
6286752008372224
4970017498071040
4777757863051264
4893873243422720
4807252342996992
6540128436617216
5479698461097984
5262391356948480
5448388673798144
6004482798256128
6376086321496064
5066627284467712
5797013731934208
5418908555149312
6197500226568192
5154836194525184
6565279081431040
4970443651940352
5317923283402752
5931059527024640
5406380269764608
4878414582382592
4709172738260992
6269036530761728
6329377734262784
6004019868729344
6300022987554816
5258770309447680
202970010
226380002
203000002
191050003
209030013
193020005
228440004
211120013
205080010
199100002
223110006
203150015
207150013
194490020
228490019
199220002
228510004
203270003
221270003
191320009
211320016
191370003
196580006
203370004
201330003
221370005
207390005
205610007
223630006
193640014
212760009
221690002
205710005
203750011
199780002
233810006
215800003
239820004
239830004
229900010
194840005
235910009
255860017
